64
225 84 152 1 7 69 161 173 206 124 129 181 125 7 252 84 66 217 0 185 210 220 197 248 130 201 52 242 179 151 145 148 235 41 150 243 110 55 160 61 179 34 242 48 41 238 133 108 200 133 37 154 98 235 146 228 180 198 214 103 94 104 252 73 
145 146 60 0 201 221 61 125 255 47 173 40 30 50 148 230 184 186 128 26 165 18 254 89 216 212 193 54 60 189 128 206 79 188 206 24 153 11 149 152 58 67 193 88 117 85 62 45 15 190 71 180 208 69 14 169 26 207 223 86 140 95 36 219 
28 242 243 181 253 137 78 56 204 15 144 65 100 207 111 116 141 182 40 94 252 54 7 22 5 230 108 145 70 145 108 98 131 96 23 129 233 101 185 181 116 73 246 217 24 101 77 166 28 117 4 24 172 11 46 177 241 154 67 55 43 175 153 175 
15 177 48 248 22 233 173 139 50 164 100 75 9 177 241 37 38 245 61 210 0 107 132 241 6 199 41 49 118 194 224 134 115 16 126 138 249 44 21 44 208 121 119 217 42 104 255 80 93 60 35 93 168 167 78 174 110 119 223 228 58 192 106 173 
208 233 55 202 21 76 246 229 197 109 190 239 213 189 64 50 250 99 143 162 10 221 80 120 85 47 92 143 239 199 60 192 176 116 138 197 192 128 170 134 237 104 117 194 38 181 244 32 24 131 194 34 96 18 154 181 65 247 68 49 190 129 241 110 
245 123 51 181 251 221 59 232 69 177 170 107 102 158 139 127 33 77 161 129 95 60 55 161 51 123 210 241 252 195 95 241 62 146 167 57 111 226 33 180 147 203 32 250 105 171 121 138 249 26 11 88 86 66 249 137 190 203 122 186 142 217 172 204 
107 83 5 218 53 38 143 201 241 175 195 90 90 60 228 83 86 240 172 173 50 165 54 240 113 177 171 255 138 87 204 246 170 209 208 223 248 95 168 233 14 107 68 105 167 40 188 254 24 104 171 75 14 225 59 127 146 230 126 29 61 74 19 231 
28 227 199 20 67 111 253 81 219 65 186 130 106 119 128 130 223 43 205 237 13 9 108 159 239 235 188 45 53 207 20 81 179 219 101 246 75 99 71 38 164 2 168 14 121 41 145 88 84 94 70 97 103 178 1 87 157 189 132 211 141 152 36 64 
116 138 54 191 237 125 229 145 127 141 160 248 182 49 81 11 143 151 108 247 73 109 78 231 43 210 186 184 106 222 248 222 104 46 157 85 171 130 231 43 16 135 35 198 184 116 209 71 11 62 62 85 171 140 60 214 94 246 142 201 212 134 167 61 
180 69 146 96 199 121 139 215 0 174 158 184 35 111 0 46 173 62 131 89 203 191 47 41 181 190 242 138 68 154 199 249 223 89 89 166 211 228 126 211 146 28 140 181 139 140 228 57 202 103 146 149 39 193 191 220 127 177 102 196 75 45 189 42 
135 22 209 90 250 79 45 140 107 185 66 246 69 38 47 16 141 193 165 180 131 100 145 2 22 247 198 97 37 131 140 172 153 93 6 147 172 51 32 23 237 98 13 50 136 61 66 21 254 232 202 129 76 91 132 98 82 74 196 119 206 80 35 103 
173 41 251 89 93 27 112 74 125 125 124 5 186 191 26 185 167 228 58 243 63 190 86 146 9 26 9 215 106 45 62 23 86 57 112 179 84 224 253 209 93 122 214 24 57 241 209 224 213 11 211 21 202 41 167 211 67 176 170 173 221 232 196 52 
34 52 231 118 20 229 72 114 95 30 138 152 15 91 120 229 102 75 250 48 117 161 3 184 81 173 102 47 150 42 99 184 95 74 46 115 47 118 229 142 149 111 38 164 202 158 137 49 234 131 97 95 36 101 23 118 18 125 165 168 168 8 96 7 
82 143 122 130 5 96 16 154 207 55 63 154 213 200 203 191 76 44 30 112 145 54 230 164 179 139 76 91 147 173 98 230 60 221 104 65 61 120 220 12 175 27 166 133 227 113 68 47 158 99 160 47 153 134 211 76 18 32 168 165 205 10 139 9 
231 243 74 36 108 38 49 27 65 215 160 37 73 229 84 231 72 244 22 225 123 234 45 141 10 213 50 215 224 190 224 199 177 42 236 29 81 29 57 146 244 217 183 61 190 12 36 6 0 59 231 123 37 21 8 47 234 59 6 202 249 230 146 170 
16 126 200 97 155 1 244 143 218 171 205 153 183 241 159 184 44 135 51 81 156 60 128 134 119 134 81 112 108 227 26 125 97 226 222 252 227 210 139 190 126 88 87 53 74 246 237 118 125 33 200 25 93 72 160 212 207 241 68 59 212 94 184 53 
65 151 49 36 105 188 226 231 21 57 29 95 48 10 213 173 43 157 199 136 230 103 92 181 88 160 240 44 255 169 97 64 64 146 100 169 78 71 145 99 128 174 194 176 184 152 94 228 53 37 108 27 140 201 208 228 105 193 16 104 106 113 168 170 
3 13 83 81 84 228 181 212 146 119 133 75 15 227 47 69 8 155 96 148 100 49 120 206 242 136 54 92 249 223 6 252 236 89 77 64 62 2 20 208 122 153 27 137 124 74 206 132 230 47 24 74 96 144 24 82 24 79 174 17 46 180 13 26 
13 91 90 75 93 110 28 215 8 55 97 132 130 47 9 104 94 33 178 190 178 203 16 202 26 190 220 72 114 233 98 128 68 188 203 162 42 231 121 50 31 218 183 161 10 192 9 104 225 187 39 147 134 55 94 160 246 58 232 104 35 74 232 104 
6 180 10 49 155 131 99 186 94 26 91 104 218 100 208 188 32 247 79 166 47 173 71 37 231 47 141 11 122 118 115 128 42 125 177 197 0 21 128 94 47 219 198 10 64 151 198 96 142 21 6 189 195 77 226 170 125 112 181 247 230 40 119 16 
165 41 213 166 62 85 4 109 49 203 119 113 98 61 209 240 83 215 174 22 37 144 192 162 0 118 153 230 158 16 246 68 57 204 234 119 33 238 229 82 185 92 195 27 154 148 12 237 108 186 3 145 74 195 51 75 57 204 49 216 220 40 28 22 
244 6 141 21 244 114 104 174 207 43 201 105 192 213 86 44 143 89 189 218 28 240 37 86 188 86 46 152 126 74 174 114 80 60 136 68 174 240 242 125 27 188 230 219 145 60 7 33 149 196 251 178 180 32 8 112 118 54 9 245 128 183 103 208 
243 239 20 162 223 7 31 251 195 6 214 84 66 222 117 216 162 112 138 87 144 146 199 7 200 208 252 72 136 99 24 123 83 44 29 50 51 61 45 246 67 4 75 133 226 192 93 132 49 231 219 193 121 163 200 65 115 196 137 251 40 161 119 123 
206 148 173 1 209 219 248 20 223 67 154 193 3 247 69 52 223 33 246 88 196 190 154 55 131 35 51 171 197 170 38 147 62 211 148 16 174 140 36 141 207 190 78 211 182 148 7 149 181 253 237 121 188 135 176 63 171 227 234 112 141 16 3 204 
227 151 220 146 36 0 31 243 191 110 198 117 2 206 10 183 203 247 48 135 127 224 198 42 196 176 154 81 192 157 29 164 52 249 54 88 250 85 76 185 195 18 46 197 224 56 124 172 47 172 51 174 141 250 216 81 170 114 162 107 15 192 15 68 
185 69 156 179 154 232 108 94 251 154 35 219 210 160 135 2 76 187 176 217 181 137 42 95 251 205 202 11 141 217 79 70 30 235 250 185 212 102 23 207 1 58 170 211 218 50 213 39 237 134 0 162 15 43 1 10 248 204 21 133 165 100 203 196 
80 197 125 36 44 148 243 45 206 157 0 169 207 214 208 188 92 208 94 107 251 96 117 243 44 139 120 209 239 68 149 63 9 18 99 53 166 86 98 117 244 99 30 195 57 238 128 149 190 222 0 186 62 117 173 106 0 38 60 240 106 209 47 115 
228 147 169 138 233 11 255 221 110 29 161 167 11 33 60 202 255 60 132 62 178 49 168 178 87 228 162 193 182 210 53 154 101 222 36 78 233 36 44 88 65 205 255 77 238 60 23 237 120 155 43 42 204 212 221 36 184 127 229 110 81 26 8 182 
248 45 5 226 81 49 58 146 254 57 223 236 117 246 217 238 145 5 24 94 217 245 130 145 117 103 0 198 130 8 125 122 53 130 92 134 179 150 25 177 208 248 157 69 239 118 51 128 123 76 222 84 65 96 230 182 200 230 125 74 238 250 196 36 
124 33 170 47 183 195 224 135 188 125 205 171 243 0 43 111 76 10 195 142 106 169 68 50 143 193 124 126 187 65 162 55 98 76 102 25 16 70 161 204 195 110 119 183 110 162 38 187 172 233 73 23 147 141 73 34 79 198 160 10 7 66 66 105 
143 168 130 159 239 35 107 178 145 226 105 0 132 143 187 49 121 4 72 12 145 145 46 224 87 207 235 94 17 45 199 160 213 74 63 196 109 170 119 255 140 224 255 17 112 186 66 233 190 138 245 79 27 35 48 115 242 27 209 4 72 153 164 29 
227 228 226 80 142 89 79 27 57 78 44 169 8 110 146 198 248 135 22 19 171 70 134 157 97 88 161 169 241 70 198 212 42 168 36 184 1 116 211 59 194 255 228 203 109 119 145 101 254 167 121 169 237 255 71 78 87 232 247 72 46 190 28 88 
102 65 17 104 181 228 163 119 228 135 66 81 254 212 183 253 123 48 166 105 47 237 183 135 214 175 207 4 109 236 93 211 45 110 59 226 82 222 89 54 102 156 136 100 112 63 97 235 111 8 84 158 245 12 37 203 187 245 208 40 225 45 251 14 
155 55 240 237 21 73 36 123 229 172 224 85 235 65 65 90 73 149 248 63 161 30 10 92 19 218 132 244 7 128 2 162 183 242 144 204 59 180 72 33 96 40 118 75 105 183 165 179 77 157 242 238 187 252 75 206 215 207 194 222 79 196 129 6 
182 17 211 242 197 27 19 37 67 137 112 172 65 21 95 142 178 81 124 110 78 199 60 37 151 255 3 230 195 132 237 122 149 192 108 90 219 127 127 30 8 239 202 73 4 42 215 183 123 84 37 201 27 97 238 178 96 242 153 36 118 134 158 12 
70 10 102 33 137 230 63 145 213 9 219 218 51 178 145 175 6 182 120 34 23 103 212 120 89 109 156 207 243 58 219 57 68 66 90 205 40 153 94 253 163 57 215 214 236 104 133 242 30 254 20 54 101 233 174 190 86 74 141 74 132 105 131 200 
171 222 149 211 119 243 208 26 45 168 241 25 16 118 11 47 116 32 101 217 9 19 151 95 93 37 169 225 142 45 169 57 11 62 12 130 49 220 157 94 132 142 119 149 4 131 196 121 163 41 82 172 60 234 11 153 15 181 122 157 226 35 214 237 
97 226 111 146 190 12 241 67 154 104 216 159 235 156 24 142 197 106 58 1 84 70 154 99 251 20 0 221 55 214 202 152 184 57 42 119 70 27 186 224 132 146 127 111 46 151 254 243 2 56 244 86 126 142 186 121 162 186 86 217 145 32 113 73 
90 155 192 160 183 122 128 59 12 0 170 58 151 168 45 153 225 33 240 95 175 170 217 81 100 47 42 245 80 155 63 170 55 255 74 238 122 202 41 134 202 211 193 98 124 238 251 93 16 235 188 191 149 149 17 250 197 59 239 21 215 46 191 14 
46 9 252 168 211 37 46 158 248 239 0 116 222 251 209 238 231 142 173 124 35 190 118 232 250 102 253 209 148 188 223 194 197 219 106 153 0 153 55 248 136 55 109 102 50 62 84 25 204 2 150 240 192 12 216 186 114 214 139 7 146 106 201 88 
69 52 241 69 205 40 62 85 95 171 188 145 233 16 171 182 18 65 166 211 77 126 141 192 84 25 199 231 131 144 63 201 196 48 14 145 88 76 231 183 247 163 72 225 179 243 151 198 52 61 153 130 187 38 66 16 63 9 247 195 153 54 140 94 
102 154 239 190 231 214 117 222 121 189 191 45 177 86 243 229 147 140 103 79 178 169 95 242 178 86 181 76 140 65 170 242 219 153 176 194 112 37 161 233 226 96 22 147 183 9 121 74 149 224 153 72 138 248 58 60 78 239 136 218 48 50 204 11 
204 124 206 60 161 111 37 132 207 60 23 134 69 144 209 219 113 106 35 251 99 93 55 177 76 192 140 124 242 88 135 190 213 85 250 118 196 32 250 148 92 18 26 161 162 235 124 19 86 159 14 185 252 70 106 72 6 246 196 248 79 76 183 36 
161 177 154 102 209 149 250 45 167 20 207 73 0 75 93 86 235 107 15 231 177 121 48 183 112 244 176 191 64 103 227 226 24 125 72 234 18 66 23 185 86 230 3 86 50 96 172 29 203 187 4 125 53 52 52 165 41 228 100 105 75 71 75 100 
196 147 78 215 213 101 144 44 76 147 130 126 243 47 155 191 234 159 60 31 212 112 196 253 85 40 102 160 111 178 4 52 69 82 11 27 184 155 71 4 47 201 130 34 248 29 225 227 188 29 2 144 142 199 141 227 239 244 131 95 166 136 147 235 
218 158 6 146 57 77 150 104 23 24 139 15 53 108 242 242 138 245 130 24 188 16 251 171 4 126 10 170 6 157 149 225 59 156 115 117 233 10 221 0 34 104 16 88 213 2 74 95 247 204 119 179 220 114 95 224 240 105 138 247 7 32 216 66 
188 75 183 165 85 149 166 120 253 182 208 210 184 26 49 176 230 168 99 195 26 194 163 11 44 46 2 51 78 218 117 10 37 45 175 123 194 85 243 191 11 195 146 196 221 195 116 195 108 215 134 134 154 42 145 198 88 147 249 166 109 110 176 147 
155 95 14 93 181 1 29 192 196 175 132 161 114 248 100 222 208 235 101 106 21 246 48 109 138 41 19 247 151 195 138 51 34 152 144 215 153 173 152 93 92 28 254 207 21 99 173 229 78 18 79 99 9 127 208 147 168 227 138 63 166 21 114 200 
173 3 160 71 176 56 164 13 84 163 220 105 6 137 78 84 156 157 183 165 28 135 56 196 106 194 4 16 215 118 216 133 121 120 204 42 176 112 55 5 19 19 110 25 156 189 109 56 90 36 221 119 171 21 59 21 216 63 37 175 182 254 52 47 
118 0 89 39 113 144 44 132 163 154 158 64 87 11 120 178 48 86 41 219 107 100 241 67 164 22 243 90 20 39 137 139 40 227 178 153 115 222 29 23 120 187 87 208 199 207 130 247 37 171 210 145 15 195 212 179 218 199 13 238 239 151 121 23 
122 43 176 237 9 205 4 130 137 91 82 80 43 212 71 80 127 25 225 142 221 182 66 183 125 79 165 108 230 31 131 96 74 51 78 84 1 82 214 138 174 40 218 217 252 33 41 123 58 11 9 23 193 75 206 62 155 116 171 129 147 46 226 221 
98 48 49 99 130 7 237 48 47 199 9 43 232 51 166 34 62 176 58 255 251 8 61 150 124 232 24 15 23 250 237 121 42 30 220 172 38 201 221 85 144 230 129 120 25 39 154 87 215 212 86 211 221 148 105 89 124 129 105 147 123 86 12 165 
116 232 82 154 177 47 240 65 21 113 185 47 152 84 134 112 40 221 67 5 113 172 95 237 46 200 129 169 30 141 79 146 118 161 45 39 208 29 105 229 142 34 20 38 118 155 150 159 120 217 164 233 134 3 214 180 203 87 93 233 229 172 124 91 
77 169 130 29 198 235 3 84 14 23 122 132 178 17 35 42 234 200 19 112 203 234 36 151 65 130 128 38 46 252 129 124 165 4 153 107 239 156 191 253 180 58 130 102 75 165 145 53 109 164 166 57 142 202 208 208 76 80 246 123 77 120 247 242 
124 144 94 107 45 29 105 225 87 235 71 162 144 216 216 254 125 126 55 11 72 7 219 149 87 210 16 164 74 7 151 198 151 245 49 196 18 154 165 106 133 237 12 22 197 228 20 66 98 75 78 171 82 41 64 169 251 80 78 69 87 229 11 238 
218 61 179 236 215 88 86 93 69 99 115 11 71 135 77 170 210 155 85 36 197 149 205 192 229 27 6 60 0 17 42 218 78 221 199 38 54 29 131 123 128 246 134 200 125 212 114 79 111 199 115 52 92 64 245 65 92 251 125 92 12 167 55 91 
133 254 129 187 27 4 54 156 250 189 100 119 145 214 198 0 157 57 53 249 121 42 58 213 37 183 50 49 94 105 140 227 103 13 158 130 17 213 30 11 146 130 130 35 88 72 35 245 129 88 238 251 130 40 208 167 223 2 217 62 107 101 33 210 
115 192 85 132 149 115 144 39 246 18 74 78 91 109 68 220 198 50 215 72 91 168 240 58 170 201 120 22 46 154 232 161 90 61 38 239 177 182 22 167 200 96 245 35 205 57 0 147 108 215 220 199 127 204 1 42 149 122 64 195 20 40 101 110 
102 139 93 23 65 115 190 9 211 179 45 160 237 45 52 89 4 16 32 132 220 33 174 113 155 238 52 175 22 153 29 124 36 122 147 101 237 81 111 192 5 156 97 242 201 149 75 205 165 107 81 129 140 255 242 40 237 38 215 4 192 245 128 228 
111 20 74 93 101 185 29 106 85 126 92 30 19 167 235 184 18 61 57 159 60 43 199 42 82 158 46 18 147 174 246 3 194 64 96 40 249 125 146 78 252 239 108 15 150 88 200 169 149 1 72 209 45 15 251 127 173 41 145 65 216 135 68 154 
200 164 194 193 33 85 16 29 68 124 45 218 212 245 131 105 246 203 59 35 218 54 162 136 96 51 201 56 187 13 210 131 177 149 68 210 234 84 240 46 209 29 8 165 18 140 15 8 87 74 44 50 128 206 186 224 2 131 24 189 144 235 64 65 
128 132 19 106 217 3 152 170 32 160 79 50 44 94 59 132 168 103 182 41 53 112 9 55 243 34 244 131 13 52 196 141 185 215 247 146 219 143 60 251 47 139 46 92 234 105 224 146 208 150 187 5 6 197 61 249 231 49 124 244 102 64 129 31 
23 120 177 242 7 237 238 54 120 28 146 98 133 114 245 85 8 176 90 14 117 151 7 92 201 131 80 47 195 209 78 219 73 255 205 80 236 187 135 100 215 25 199 92 140 188 177 148 108 12 163 226 163 170 62 108 46 143 155 241 96 233 204 170 
232 154 250 212 85 129 57 45 155 0 137 39 188 59 187 40 71 94 10 234 9 73 87 55 216 242 40 56 220 245 226 196 143 221 153 228 94 210 17 249 210 155 32 142 214 220 182 29 58 193 7 67 10 94 122 226 81 163 26 45 152 253 241 39 
