20 103 99 
56 77 198 
93 0 156 
107 20 115 
121 81 185 
117 38 255 
113 74 245 
56 36 236 
41 108 98 
113 205 196 
186 72 188 
214 0 181 
242 27 212 
234 0 243 
227 93 216 
113 70 188 
26 124 97 
71 125 194 
116 84 221 
131 52 248 
146 27 240 
180 104 232 
214 231 186 
107 75 141 
11 79 61 
28 90 122 
46 71 168 
48 99 215 
51 83 187 
126 159 160 
201 138 137 
100 0 115 
24 102 25 
24 74 50 
25 13 116 
47 46 183 
69 49 135 
108 151 88 
147 163 89 
73 93 90 
37 91 57 
21 93 114 
5 83 152 
46 23 190 
88 115 162 
91 233 134 
94 173 93 
47 212 53 
25 171 89 
14 149 178 
2 205 188 
31 112 198 
60 155 189 
108 133 180 
157 84 98 
78 107 17 
14 75 44 
7 130 89 
0 100 94 
16 65 99 
33 70 94 
126 61 90 
220 70 49 
110 135 8 
